[1] 234
[1] 292
[1] 299
[1] 294
[1] 300
[1] 302
[1] 303
[1] 304
[1] 325
[1] 345
[1] 356
[1] 769
[1] 357
[1] 536
[1] 537
[1] 538
[1] 539
[1] 1161
[1] 567
[1] 540
[1] 541
[1] 7412
[1] 366
[1] 338
[1] 187
[1] 285
[1] 805
[1] 3051
[1] 1165
[1] 363
[1] 339
[1] 340
[1] 349
[1] 350
[1] 6716
[1] 430
[1] 431
[1] 433
[1] 432
[1] 434
[1] 3553
[1] 528
[1] 6513
[1] 270
[1] 272
[1] 7248
[1] 1051
[1] 7332
[1] 488
[1] 553
[1] 554
[1] 1053
[1] 4201
[1] 5999
[1] 442
[1] 446
[1] 452
[1] 453
[1] 456
[1] 716
[1] 468
[1] 880
[1] 1156
[1] 743
[1] 744
[1] 746
[1] 7013
[1] 7074
[1] 546
[1] 545
[1] 547
[1] 548
[1] 500
[1] 530
[1] 531
[1] 422
[1] 423
[1] 424
[1] 426
[1] 489
[1] 1128
[1] 561
[1] 1200
[1] 3043
[1] 1160
[1] 3967
[1] 6590
[1] 6894
[1] 6920
[1] 5801
[1] 6684
[1] 209
[1] 341
[1] 4319
[1] 6616
[1] 755
[1] 495
[1] 410
[1] 414
[1] 416
[1] 542
[1] 497
[1] 717
[1] 551
[1] 1123
[1] 7595
[1] 207
[1] 313
[1] 320
[1] 333
[1] 342
[1] 343
[1] 352
[1] 164
[1] 282
[1] 732
[1] 463
[1] 529
[1] 549
[1] 765
[1] 193
[1] 194
[1] 195
[1] 223
[1] 306
[1] 307
[1] 314
[1] 315
[1] 317
[1] 318
[1] 319
[1] 326
[1] 362
[1] 1066
[1] 369
[1] 224
[1] 2939
[1] 3946
[1] 1163
[1] 5826
[1] 6320
[1] 266
[1] 290
[1] 327
[1] 261
[1] 308
[1] 309
[1] 310
[1] 323
[1] 4364
[1] 231
[1] 233
[1] 235
[1] 4456
[1] 5659
[1] 205
[1] 206
[1] 208
[1] 210
[1] 211
[1] 212
[1] 507
[1] 556
[1] 557
[1] 555
[1] 558
[1] 505
[1] 359
[1] 242
[1] 243
[1] 508
[1] 509
[1] 532
[1] 1127
[1] 1126
[1] 5802
[1] 7046
[1] 361
[1] 277
[1] 4006
[1] 522
[1] 523
[1] 1158
[1] 1157
[1] 4376
[1] 6267
[1] 767
[1] 768
[1] 344
[1] 498
[1] 7032
[1] 180
[1] 1107
[1] 190
[1] 201
[1] 225
[1] 255
[1] 256
[1] 364
[1] 1122
[1] 5965
[1] 6692
[1] 258
[1] 759
[1] 525
[1] 524
[1] 562
[1] 1166
[1] 287
[1] 289
[1] 354
[1] 399
[1] 3192
[1] 7542
[1] 328
[1] 750
[1] 751
[1] 169
[1] 275
[1] 276
[1] 278
[1] 1146
[1] 330
[1] 351
[1] 367
[1] 5839
[1] 527
[1] 6254
[1] 336
[1] 337
[1] 533
[1] 534
[1] 501
[1] 502
[1] 503
[1] 504
[1] 1004
[1] 675
[1] 1108
[1] 1124
[1] 1162
[1] 4226
[1] 6794
[1] 281
[1] 466
[1] 467
[1] 469
[1] 470
[1] 471
[1] 472
[1] 5866
[1] 4163
[1] 6288
[1] 346
[1] 1186
[1] 365
[1] 334
[1] 2034
[1] 486
[1] 490
[1] 5840
[1] 5914
[1] 6711
[1] 6712
[1] 360
[1] 881
[1] 353
[1] 1091
[1] 234
[1] 292
[1] 299
[1] 294
[1] 300
[1] 302
[1] 303
[1] 304
[1] 325
[1] 345
[1] 356
[1] 769
[1] 357
[1] 536
[1] 537
[1] 538
[1] 539
[1] 1161
[1] 567
[1] 540
[1] 541
[1] 7412
[1] 366
[1] 338
[1] 187
[1] 285
[1] 805
[1] 3051
[1] 1165
[1] 363
[1] 339
[1] 340
[1] 349
[1] 350
[1] 6716
[1] 430
[1] 431
[1] 433
[1] 432
[1] 434
[1] 3553
[1] 528
[1] 6513
[1] 270
[1] 272
[1] 7248
[1] 1051
[1] 7332
[1] 488
[1] 553
[1] 554
[1] 1053
[1] 4201
[1] 5999
[1] 442
[1] 446
[1] 452
[1] 453
[1] 456
[1] 716
[1] 468
[1] 880
[1] 1156
[1] 743
[1] 744
[1] 746
[1] 7013
[1] 7074
[1] 546
[1] 545
[1] 547
[1] 548
[1] 500
[1] 530
[1] 531
[1] 422
[1] 423
[1] 424
[1] 426
[1] 489
[1] 1128
[1] 561
[1] 1200
[1] 3043
[1] 1160
[1] 3967
[1] 6590
[1] 6894
[1] 6920
[1] 5801
[1] 6684
[1] 209
[1] 341
[1] 4319
[1] 6616
[1] 755
[1] 495
[1] 410
[1] 414
[1] 416
[1] 542
[1] 497
[1] 717
[1] 551
[1] 1123
[1] 7595
[1] 207
[1] 313
[1] 320
[1] 333
[1] 342
[1] 343
[1] 352
[1] 164
[1] 282
[1] 732
[1] 463
[1] 529
[1] 549
[1] 765
[1] 193
[1] 194
[1] 195
[1] 223
[1] 306
[1] 307
[1] 314
[1] 315
[1] 317
[1] 318
[1] 319
[1] 326
[1] 362
[1] 1066
[1] 369
[1] 224
[1] 2939
[1] 3946
[1] 1163
[1] 5826
[1] 6320
[1] 266
[1] 290
[1] 327
[1] 261
[1] 308
[1] 309
[1] 310
[1] 323
[1] 4364
[1] 231
[1] 233
[1] 235
[1] 4456
[1] 5659
[1] 205
[1] 206
[1] 208
[1] 210
[1] 211
[1] 212
[1] 507
[1] 556
[1] 557
[1] 555
[1] 558
[1] 505
[1] 359
[1] 242
[1] 243
[1] 508
[1] 509
[1] 532
[1] 1127
[1] 1126
[1] 5802
[1] 7046
[1] 361
[1] 277
[1] 4006
[1] 522
[1] 523
[1] 1158
[1] 1157
[1] 4376
[1] 6267
[1] 767
[1] 768
[1] 344
[1] 498
[1] 7032
[1] 180
[1] 1107
[1] 190
[1] 201
[1] 225
[1] 255
[1] 256
[1] 364
[1] 1122
[1] 5965
[1] 6692
[1] 258
[1] 759
[1] 525
[1] 524
[1] 562
[1] 1166
[1] 287
[1] 289
[1] 354
[1] 399
[1] 3192
[1] 7542
[1] 328
[1] 750
[1] 751
[1] 169
[1] 275
[1] 276
[1] 278
[1] 1146
[1] 330
[1] 351
[1] 367
[1] 5839
[1] 527
[1] 6254
[1] 336
[1] 337
[1] 533
[1] 534
[1] 501
[1] 502
[1] 503
[1] 504
[1] 1004
[1] 675
[1] 1108
[1] 1124
[1] 1162
[1] 4226
[1] 6794
[1] 281
[1] 466
[1] 467
[1] 469
[1] 470
[1] 471
[1] 472
[1] 5866
[1] 4163
[1] 6288
[1] 346
[1] 1186
[1] 365
[1] 334
[1] 2034
[1] 486
[1] 490
[1] 5840
[1] 5914
[1] 6711
[1] 6712
[1] 360
[1] 881
[1] 353
[1] 1091
[1] 234
[1] 296
[1] 301
[1] 303
[1] 304
[1] 325
[1] 356
[1] 769
[1] 6252
[1] 539
[1] 567
[1] 347
[1] 371
[1] 339
[1] 340
[1] 370
[1] 350
[1] 6716
[1] 431
[1] 432
[1] 434
[1] 6187
[1] 6297
[1] 270
[1] 273
[1] 7248
[1] 7249
[1] 1051
[1] 7332
[1] 552
[1] 1053
[1] 7870
[1] 444
[1] 445
[1] 449
[1] 447
[1] 448
[1] 450
[1] 451
[1] 454
[1] 456
[1] 716
[1] 1112
[1] 7151
[1] 743
[1] 744
[1] 518
[1] 544
[1] 422
[1] 423
[1] 424
[1] 426
[1] 489
[1] 4286
[1] 3518
[1] 6740
[1] 6894
[1] 6920
[1] 5801
[1] 6684
[1] 7098
[1] 4319
[1] 6844
[1] 410
[1] 414
[1] 413
[1] 416
[1] 717
[1] 520
[1] 1115
[1] 1215
[1] 7438
[1] 320
[1] 333
[1] 343
[1] 732
[1] 463
[1] 763
[1] 764
[1] 765
[1] 766
[1] 195
[1] 319
[1] 224
[1] 5826
[1] 6320
[1] 323
[1] 4456
[1] 556
[1] 557
[1] 1125
[1] 243
[1] 550
[1] 508
[1] 510
[1] 532
[1] 1127
[1] 1126
[1] 5940
[1] 6814
[1] 6893
[1] 277
[1] 4006
[1] 521
[1] 1164
[1] 3481
[1] 344
[1] 7032
[1] 181
[1] 185
[1] 191
[1] 364
[1] 258
[1] 759
[1] 543
[1] 562
[1] 288
[1] 1101
[1] 3192
[1] 5928
[1] 7542
[1] 761
[1] 724
[1] 169
[1] 1146
[1] 6578
[1] 6998
[1] 6999
[1] 329
[1] 6137
[1] 330
[1] 331
[1] 351
[1] 358
[1] 5839
[1] 527
[1] 6254
[1] 336
[1] 337
[1] 534
[1] 535
[1] 501
[1] 504
[1] 1004
[1] 3563
[1] 1108
[1] 281
[1] 322
[1] 443
[1] 470
[1] 1129
[1] 5849
[1] 1186
[1] 1216
[1] 365
[1] 762
[1] 335
[1] 6689
[1] 491
[1] 5817
[1] 5840
[1] 5914
[1] 6711
[1] 6712
[1] 283
[1] 742
[1] 881
[1] 353
[1] 234
[1] 292
[1] 299
[1] 296
[1] 301
[1] 303
[1] 304
[1] 325
[1] 345
[1] 356
[1] 769
[1] 6252
[1] 538
[1] 539
[1] 567
[1] 540
[1] 338
[1] 347
[1] 187
[1] 371
[1] 339
[1] 340
[1] 370
[1] 350
[1] 6716
[1] 431
[1] 432
[1] 434
[1] 528
[1] 6187
[1] 6297
[1] 270
[1] 273
[1] 7248
[1] 7249
[1] 1051
[1] 7332
[1] 488
[1] 552
[1] 1053
[1] 7870
[1] 444
[1] 445
[1] 446
[1] 449
[1] 447
[1] 448
[1] 450
[1] 451
[1] 454
[1] 456
[1] 716
[1] 1112
[1] 468
[1] 7151
[1] 1156
[1] 743
[1] 744
[1] 7074
[1] 518
[1] 544
[1] 422
[1] 423
[1] 424
[1] 426
[1] 489
[1] 3043
[1] 4286
[1] 3518
[1] 6740
[1] 6894
[1] 6920
[1] 5801
[1] 6684
[1] 7098
[1] 4319
[1] 6844
[1] 410
[1] 414
[1] 413
[1] 416
[1] 497
[1] 717
[1] 520
[1] 1115
[1] 1215
[1] 7438
[1] 320
[1] 333
[1] 343
[1] 352
[1] 732
[1] 463
[1] 763
[1] 764
[1] 765
[1] 766
[1] 193
[1] 195
[1] 319
[1] 224
[1] 3946
[1] 5826
[1] 6320
[1] 323
[1] 231
[1] 4456
[1] 206
[1] 556
[1] 557
[1] 1125
[1] 243
[1] 550
[1] 508
[1] 510
[1] 532
[1] 1127
[1] 1126
[1] 5802
[1] 5940
[1] 6814
[1] 6893
[1] 277
[1] 4006
[1] 521
[1] 1164
[1] 3481
[1] 344
[1] 7032
[1] 181
[1] 185
[1] 190
[1] 191
[1] 364
[1] 258
[1] 759
[1] 543
[1] 562
[1] 1166
[1] 288
[1] 1101
[1] 3192
[1] 5928
[1] 7542
[1] 761
[1] 724
[1] 169
[1] 1146
[1] 6578
[1] 6998
[1] 6999
[1] 329
[1] 6137
[1] 330
[1] 331
[1] 351
[1] 358
[1] 5839
[1] 527
[1] 6254
[1] 336
[1] 337
[1] 534
[1] 535
[1] 501
[1] 503
[1] 504
[1] 1004
[1] 3563
[1] 1108
[1] 1162
[1] 4226
[1] 281
[1] 322
[1] 443
[1] 466
[1] 469
[1] 470
[1] 1129
[1] 5849
[1] 4163
[1] 1186
[1] 1216
[1] 365
[1] 762
[1] 335
[1] 2034
[1] 6689
[1] 491
[1] 5817
[1] 5840
[1] 5914
[1] 6711
[1] 6712
[1] 283
[1] 742
[1] 881
[1] 353
[1] 234
[1] 296
[1] 301
[1] 303
[1] 304
[1] 325
[1] 356
[1] 769
[1] 6252
[1] 539
[1] 567
[1] 347
[1] 371
[1] 339
[1] 340
[1] 370
[1] 350
[1] 6716
[1] 431
[1] 432
[1] 434
[1] 6187
[1] 6297
[1] 270
[1] 273
[1] 7248
[1] 7249
[1] 1051
[1] 7332
[1] 552
[1] 1053
[1] 7870
[1] 444
[1] 445
[1] 449
[1] 447
[1] 448
[1] 450
[1] 451
[1] 454
[1] 456
[1] 716
[1] 1112
[1] 7151
[1] 743
[1] 744
[1] 518
[1] 544
[1] 422
[1] 423
[1] 424
[1] 426
[1] 489
[1] 4286
[1] 3518
[1] 6740
[1] 6894
[1] 6920
[1] 5801
[1] 6684
[1] 7098
[1] 4319
[1] 6844
[1] 410
[1] 414
[1] 413
[1] 416
[1] 717
[1] 520
[1] 1115
[1] 1215
[1] 7438
[1] 320
[1] 333
[1] 343
[1] 732
[1] 463
[1] 763
[1] 764
[1] 765
[1] 766
[1] 195
[1] 319
[1] 224
[1] 5826
[1] 6320
[1] 323
[1] 4456
[1] 556
[1] 557
[1] 1125
[1] 243
[1] 550
[1] 508
[1] 510
[1] 532
[1] 1127
[1] 1126
[1] 5940
[1] 6814
[1] 6893
[1] 277
[1] 4006
[1] 521
[1] 1164
[1] 3481
[1] 344
[1] 7032
[1] 181
[1] 185
[1] 191
[1] 364
[1] 258
[1] 759
[1] 543
[1] 562
[1] 288
[1] 1101
[1] 3192
[1] 5928
[1] 7542
[1] 761
[1] 724
[1] 169
[1] 1146
[1] 6578
[1] 6998
[1] 6999
[1] 329
[1] 6137
[1] 330
[1] 331
[1] 351
[1] 358
[1] 5839
[1] 527
[1] 6254
[1] 336
[1] 337
[1] 534
[1] 535
[1] 501
[1] 504
[1] 1004
[1] 3563
[1] 1108
[1] 281
[1] 322
[1] 443
[1] 470
[1] 1129
[1] 5849
[1] 1186
[1] 1216
[1] 365
[1] 762
[1] 335
[1] 6689
[1] 491
[1] 5817
[1] 5840
[1] 5914
[1] 6711
[1] 6712
[1] 283
[1] 742
[1] 881
[1] 353
[1] 234
[1] 292
[1] 299
[1] 296
[1] 301
[1] 303
[1] 304
[1] 325
[1] 345
[1] 356
[1] 769
[1] 6252
[1] 538
[1] 539
[1] 567
[1] 540
[1] 338
[1] 347
[1] 187
[1] 371
[1] 339
[1] 340
[1] 370
[1] 350
[1] 6716
[1] 431
[1] 432
[1] 434
[1] 528
[1] 6187
[1] 6297
[1] 270
[1] 273
[1] 7248
[1] 7249
[1] 1051
[1] 7332
[1] 488
[1] 552
[1] 1053
[1] 7870
[1] 444
[1] 445
[1] 446
[1] 449
[1] 447
[1] 448
[1] 450
[1] 451
[1] 454
[1] 456
[1] 716
[1] 1112
[1] 468
[1] 7151
[1] 1156
[1] 743
[1] 744
[1] 7074
[1] 518
[1] 544
[1] 422
[1] 423
[1] 424
[1] 426
[1] 489
[1] 3043
[1] 4286
[1] 3518
[1] 6740
[1] 6894
[1] 6920
[1] 5801
[1] 6684
[1] 7098
[1] 4319
[1] 6844
[1] 410
[1] 414
[1] 413
[1] 416
[1] 497
[1] 717
[1] 520
[1] 1115
[1] 1215
[1] 7438
[1] 320
[1] 333
[1] 343
[1] 352
[1] 732
[1] 463
[1] 763
[1] 764
[1] 765
[1] 766
[1] 193
[1] 195
[1] 319
[1] 224
[1] 3946
[1] 5826
[1] 6320
[1] 323
[1] 231
[1] 4456
[1] 206
[1] 556
[1] 557
[1] 1125
[1] 243
[1] 550
[1] 508
[1] 510
[1] 532
[1] 1127
[1] 1126
[1] 5802
[1] 5940
[1] 6814
[1] 6893
[1] 277
[1] 4006
[1] 521
[1] 1164
[1] 3481
[1] 344
[1] 7032
[1] 181
[1] 185
[1] 190
[1] 191
[1] 364
[1] 258
[1] 759
[1] 543
[1] 562
[1] 1166
[1] 288
[1] 1101
[1] 3192
[1] 5928
[1] 7542
[1] 761
[1] 724
[1] 169
[1] 1146
[1] 6578
[1] 6998
[1] 6999
[1] 329
[1] 6137
[1] 330
[1] 331
[1] 351
[1] 358
[1] 5839
[1] 527
[1] 6254
[1] 336
[1] 337
[1] 534
[1] 535
[1] 501
[1] 503
[1] 504
[1] 1004
[1] 3563
[1] 1108
[1] 1162
[1] 4226
[1] 281
[1] 322
[1] 443
[1] 466
[1] 469
[1] 470
[1] 1129
[1] 5849
[1] 4163
[1] 1186
[1] 1216
[1] 365
[1] 762
[1] 335
[1] 2034
[1] 6689
[1] 491
[1] 5817
[1] 5840
[1] 5914
[1] 6711
[1] 6712
[1] 283
[1] 742
[1] 881
[1] 353
[1] 234
[1] 292
[1] 299
[1] 294
[1] 296
[1] 300
[1] 301
[1] 302
[1] 303
[1] 304
[1] 325
[1] 345
[1] 356
[1] 769
[1] 6252
[1] 357
[1] 536
[1] 537
[1] 538
[1] 539
[1] 1161
[1] 567
[1] 540
[1] 541
[1] 7412
[1] 366
[1] 338
[1] 347
[1] 348
[1] 187
[1] 285
[1] 805
[1] 3051
[1] 1165
[1] 363
[1] 371
[1] 339
[1] 340
[1] 349
[1] 370
[1] 350
[1] 6716
[1] 430
[1] 431
[1] 433
[1] 432
[1] 434
[1] 3553
[1] 528
[1] 6187
[1] 6297
[1] 6513
[1] 270
[1] 272
[1] 273
[1] 7248
[1] 7249
[1] 1051
[1] 7332
[1] 488
[1] 552
[1] 553
[1] 554
[1] 1053
[1] 4201
[1] 5999
[1] 7870
[1] 442
[1] 444
[1] 445
[1] 446
[1] 449
[1] 447
[1] 448
[1] 450
[1] 451
[1] 452
[1] 453
[1] 454
[1] 456
[1] 716
[1] 1069
[1] 1112
[1] 468
[1] 7151
[1] 880
[1] 1156
[1] 743
[1] 744
[1] 746
[1] 7013
[1] 7074
[1] 518
[1] 544
[1] 546
[1] 545
[1] 547
[1] 548
[1] 500
[1] 530
[1] 531
[1] 422
[1] 423
[1] 424
[1] 426
[1] 489
[1] 1128
[1] 561
[1] 1200
[1] 3043
[1] 1160
[1] 3967
[1] 4286
[1] 3518
[1] 6590
[1] 6740
[1] 6894
[1] 6920
[1] 5801
[1] 6684
[1] 7098
[1] 209
[1] 341
[1] 4319
[1] 6616
[1] 6844
[1] 755
[1] 495
[1] 410
[1] 414
[1] 413
[1] 416
[1] 542
[1] 497
[1] 717
[1] 520
[1] 551
[1] 1115
[1] 1123
[1] 1215
[1] 7438
[1] 7595
[1] 207
[1] 313
[1] 320
[1] 332
[1] 333
[1] 342
[1] 343
[1] 352
[1] 164
[1] 282
[1] 732
[1] 463
[1] 529
[1] 549
[1] 763
[1] 764
[1] 765
[1] 766
[1] 193
[1] 194
[1] 195
[1] 223
[1] 306
[1] 307
[1] 314
[1] 315
[1] 317
[1] 318
[1] 319
[1] 326
[1] 362
[1] 1066
[1] 369
[1] 224
[1] 2939
[1] 3946
[1] 1163
[1] 5826
[1] 6320
[1] 266
[1] 290
[1] 327
[1] 261
[1] 308
[1] 309
[1] 310
[1] 323
[1] 4364
[1] 231
[1] 233
[1] 235
[1] 260
[1] 4456
[1] 5659
[1] 205
[1] 206
[1] 208
[1] 210
[1] 211
[1] 212
[1] 507
[1] 556
[1] 557
[1] 555
[1] 558
[1] 1125
[1] 505
[1] 359
[1] 246
[1] 242
[1] 243
[1] 550
[1] 508
[1] 509
[1] 510
[1] 532
[1] 1127
[1] 1126
[1] 5802
[1] 5940
[1] 6814
[1] 6893
[1] 7046
[1] 361
[1] 277
[1] 4006
[1] 521
[1] 522
[1] 523
[1] 934
[1] 1158
[1] 1157
[1] 1164
[1] 3481
[1] 4376
[1] 6267
[1] 767
[1] 768
[1] 344
[1] 563
[1] 498
[1] 7032
[1] 180
[1] 181
[1] 1107
[1] 185
[1] 190
[1] 191
[1] 201
[1] 225
[1] 255
[1] 256
[1] 364
[1] 1122
[1] 5965
[1] 6692
[1] 258
[1] 759
[1] 525
[1] 543
[1] 524
[1] 526
[1] 562
[1] 559
[1] 560
[1] 1166
[1] 287
[1] 288
[1] 289
[1] 354
[1] 399
[1] 1101
[1] 3192
[1] 5928
[1] 7542
[1] 761
[1] 328
[1] 724
[1] 750
[1] 751
[1] 169
[1] 170
[1] 275
[1] 276
[1] 278
[1] 279
[1] 1146
[1] 6578
[1] 6998
[1] 6999
[1] 329
[1] 6137
[1] 330
[1] 331
[1] 351
[1] 358
[1] 367
[1] 5839
[1] 527
[1] 6254
[1] 336
[1] 337
[1] 533
[1] 534
[1] 535
[1] 501
[1] 502
[1] 503
[1] 504
[1] 1004
[1] 675
[1] 3563
[1] 1108
[1] 1124
[1] 1162
[1] 4226
[1] 6794
[1] 281
[1] 322
[1] 443
[1] 466
[1] 467
[1] 469
[1] 470
[1] 471
[1] 472
[1] 1129
[1] 5849
[1] 5866
[1] 4163
[1] 6288
[1] 346
[1] 1186
[1] 1216
[1] 365
[1] 762
[1] 334
[1] 335
[1] 2034
[1] 6689
[1] 486
[1] 490
[1] 491
[1] 5817
[1] 5840
[1] 5914
[1] 6711
[1] 6712
[1] 283
[1] 360
[1] 742
[1] 881
[1] 353
[1] 1091
[1] 234
[1] 292
[1] 299
[1] 294
[1] 296
[1] 300
[1] 301
[1] 302
[1] 303
[1] 304
[1] 325
[1] 345
[1] 356
[1] 769
[1] 6252
[1] 357
[1] 536
[1] 537
[1] 538
[1] 539
[1] 1161
[1] 567
[1] 540
[1] 541
[1] 7412
[1] 366
[1] 338
[1] 347
[1] 348
[1] 187
[1] 285
[1] 805
[1] 3051
[1] 1165
[1] 363
[1] 371
[1] 339
[1] 340
[1] 349
[1] 370
[1] 350
[1] 6716
[1] 430
[1] 431
[1] 433
[1] 432
[1] 434
[1] 3553
[1] 528
[1] 6187
[1] 6297
[1] 6513
[1] 270
[1] 272
[1] 273
[1] 7248
[1] 7249
[1] 1051
[1] 7332
[1] 488
[1] 552
[1] 553
[1] 554
[1] 1053
[1] 4201
[1] 5999
[1] 7870
[1] 442
[1] 444
[1] 445
[1] 446
[1] 449
[1] 447
[1] 448
[1] 450
[1] 451
[1] 452
[1] 453
[1] 454
[1] 456
[1] 716
[1] 1069
[1] 1112
[1] 468
[1] 7151
[1] 880
[1] 1156
[1] 743
[1] 744
[1] 746
[1] 7013
[1] 7074
[1] 518
[1] 544
[1] 546
[1] 545
[1] 547
[1] 548
[1] 500
[1] 530
[1] 531
[1] 422
[1] 423
[1] 424
[1] 426
[1] 489
[1] 1128
[1] 561
[1] 1200
[1] 3043
[1] 1160
[1] 3967
[1] 4286
[1] 3518
[1] 6590
[1] 6740
[1] 6894
[1] 6920
[1] 5801
[1] 6684
[1] 7098
[1] 209
[1] 341
[1] 4319
[1] 6616
[1] 6844
[1] 755
[1] 495
[1] 410
[1] 414
[1] 413
[1] 416
[1] 542
[1] 497
[1] 717
[1] 520
[1] 551
[1] 1115
[1] 1123
[1] 1215
[1] 7438
[1] 7595
[1] 207
[1] 313
[1] 320
[1] 332
[1] 333
[1] 342
[1] 343
[1] 352
[1] 164
[1] 282
[1] 732
[1] 463
[1] 529
[1] 549
[1] 763
[1] 764
[1] 765
[1] 766
[1] 193
[1] 194
[1] 195
[1] 223
[1] 306
[1] 307
[1] 314
[1] 315
[1] 317
[1] 318
[1] 319
[1] 326
[1] 362
[1] 1066
[1] 369
[1] 224
[1] 2939
[1] 3946
[1] 1163
[1] 5826
[1] 6320
[1] 266
[1] 290
[1] 327
[1] 261
[1] 308
[1] 309
[1] 310
[1] 323
[1] 4364
[1] 231
[1] 233
[1] 235
[1] 260
[1] 4456
[1] 5659
[1] 205
[1] 206
[1] 208
[1] 210
[1] 211
[1] 212
[1] 507
[1] 556
[1] 557
[1] 555
[1] 558
[1] 1125
[1] 505
[1] 359
[1] 246
[1] 242
[1] 243
[1] 550
[1] 508
[1] 509
[1] 510
[1] 532
[1] 1127
[1] 1126
[1] 5802
[1] 5940
[1] 6814
[1] 6893
[1] 7046
[1] 361
[1] 277
[1] 4006
[1] 521
[1] 522
[1] 523
[1] 934
[1] 1158
[1] 1157
[1] 1164
[1] 3481
[1] 4376
[1] 6267
[1] 767
[1] 768
[1] 344
[1] 563
[1] 498
[1] 7032
[1] 180
[1] 181
[1] 1107
[1] 185
[1] 190
[1] 191
[1] 201
[1] 225
[1] 255
[1] 256
[1] 364
[1] 1122
[1] 5965
[1] 6692
[1] 258
[1] 759
[1] 525
[1] 543
[1] 524
[1] 526
[1] 562
[1] 559
[1] 560
[1] 1166
[1] 287
[1] 288
[1] 289
[1] 354
[1] 399
[1] 1101
[1] 3192
[1] 5928
[1] 7542
[1] 761
[1] 328
[1] 724
[1] 750
[1] 751
[1] 169
[1] 170
[1] 275
[1] 276
[1] 278
[1] 279
[1] 1146
[1] 6578
[1] 6998
[1] 6999
[1] 329
[1] 6137
[1] 330
[1] 331
[1] 351
[1] 358
[1] 367
[1] 5839
[1] 527
[1] 6254
[1] 336
[1] 337
[1] 533
[1] 534
[1] 535
[1] 501
[1] 502
[1] 503
[1] 504
[1] 1004
[1] 675
[1] 3563
[1] 1108
[1] 1124
[1] 1162
[1] 4226
[1] 6794
[1] 281
[1] 322
[1] 443
[1] 466
[1] 467
[1] 469
[1] 470
[1] 471
[1] 472
[1] 1129
[1] 5849
[1] 5866
[1] 4163
[1] 6288
[1] 346
[1] 1186
[1] 1216
[1] 365
[1] 762
[1] 334
[1] 335
[1] 2034
[1] 6689
[1] 486
[1] 490
[1] 491
[1] 5817
[1] 5840
[1] 5914
[1] 6711
[1] 6712
[1] 283
[1] 360
[1] 742
[1] 881
[1] 353
[1] 1091
[1] 234
[1] 292
[1] 299
[1] 294
[1] 296
[1] 300
[1] 301
[1] 302
[1] 303
[1] 304
[1] 325
[1] 345
[1] 356
[1] 769
[1] 6252
[1] 357
[1] 536
[1] 537
[1] 538
[1] 539
[1] 1161
[1] 567
[1] 540
[1] 541
[1] 7412
[1] 366
[1] 338
[1] 347
[1] 348
[1] 187
[1] 285
[1] 805
[1] 3051
[1] 1165
[1] 363
[1] 371
[1] 339
[1] 340
[1] 349
[1] 370
[1] 350
[1] 6716
[1] 430
[1] 431
[1] 433
[1] 432
[1] 434
[1] 3553
[1] 528
[1] 6187
[1] 6297
[1] 6513
[1] 270
[1] 272
[1] 273
[1] 7248
[1] 7249
[1] 1051
[1] 7332
[1] 488
[1] 552
[1] 553
[1] 554
[1] 1053
[1] 4201
[1] 5999
[1] 7870
[1] 442
[1] 444
[1] 445
[1] 446
[1] 449
[1] 447
[1] 448
[1] 450
[1] 451
[1] 452
[1] 453
[1] 454
[1] 456
[1] 716
[1] 1069
[1] 1112
[1] 468
[1] 7151
[1] 880
[1] 1156
[1] 743
[1] 744
[1] 746
[1] 7013
[1] 7074
[1] 518
[1] 544
[1] 546
[1] 545
[1] 547
[1] 548
[1] 500
[1] 530
[1] 531
[1] 422
[1] 423
[1] 424
[1] 426
[1] 489
[1] 1128
[1] 561
[1] 1200
[1] 3043
[1] 1160
[1] 3967
[1] 4286
[1] 3518
[1] 6590
[1] 6740
[1] 6894
[1] 6920
[1] 5801
[1] 6684
[1] 7098
[1] 209
[1] 341
[1] 4319
[1] 6616
[1] 6844
[1] 755
[1] 495
[1] 410
[1] 414
[1] 413
[1] 416
[1] 542
[1] 497
[1] 717
[1] 520
[1] 551
[1] 1115
[1] 1123
[1] 1215
[1] 7438
[1] 7595
[1] 207
[1] 313
[1] 320
[1] 332
[1] 333
[1] 342
[1] 343
[1] 352
[1] 164
[1] 282
[1] 732
[1] 463
[1] 529
[1] 549
[1] 763
[1] 764
[1] 765
[1] 766
[1] 193
[1] 194
[1] 195
[1] 223
[1] 306
[1] 307
[1] 314
[1] 315
[1] 317
[1] 318
[1] 319
[1] 326
[1] 362
[1] 1066
[1] 369
[1] 224
[1] 2939
[1] 3946
[1] 1163
[1] 5826
[1] 6320
[1] 266
[1] 290
[1] 327
[1] 261
[1] 308
[1] 309
[1] 310
[1] 323
[1] 4364
[1] 231
[1] 233
[1] 235
[1] 260
[1] 4456
[1] 5659
[1] 205
[1] 206
[1] 208
[1] 210
[1] 211
[1] 212
[1] 507
[1] 556
[1] 557
[1] 555
[1] 558
[1] 1125
[1] 505
[1] 359
[1] 246
[1] 242
[1] 243
[1] 550
[1] 508
[1] 509
[1] 510
[1] 532
[1] 1127
[1] 1126
[1] 5802
[1] 5940
[1] 6814
[1] 6893
[1] 7046
[1] 361
[1] 277
[1] 4006
[1] 521
[1] 522
[1] 523
[1] 934
[1] 1158
[1] 1157
[1] 1164
[1] 3481
[1] 4376
[1] 6267
[1] 767
[1] 768
[1] 344
[1] 563
[1] 498
[1] 7032
[1] 180
[1] 181
[1] 1107
[1] 185
[1] 190
[1] 191
[1] 201
[1] 225
[1] 255
[1] 256
[1] 364
[1] 1122
[1] 5965
[1] 6692
[1] 258
[1] 759
[1] 525
[1] 543
[1] 524
[1] 526
[1] 562
[1] 559
[1] 560
[1] 1166
[1] 287
[1] 288
[1] 289
[1] 354
[1] 399
[1] 1101
[1] 3192
[1] 5928
[1] 7542
[1] 761
[1] 328
[1] 724
[1] 750
[1] 751
[1] 169
[1] 170
[1] 275
[1] 276
[1] 278
[1] 279
[1] 1146
[1] 6578
[1] 6998
[1] 6999
[1] 329
[1] 6137
[1] 330
[1] 331
[1] 351
[1] 358
[1] 367
[1] 5839
[1] 527
[1] 6254
[1] 336
[1] 337
[1] 533
[1] 534
[1] 535
[1] 501
[1] 502
[1] 503
[1] 504
[1] 1004
[1] 675
[1] 3563
[1] 1108
[1] 1124
[1] 1162
[1] 4226
[1] 6794
[1] 281
[1] 322
[1] 443
[1] 466
[1] 467
[1] 469
[1] 470
[1] 471
[1] 472
[1] 1129
[1] 5849
[1] 5866
[1] 4163
[1] 6288
[1] 346
[1] 1186
[1] 1216
[1] 365
[1] 762
[1] 334
[1] 335
[1] 2034
[1] 6689
[1] 486
[1] 490
[1] 491
[1] 5817
[1] 5840
[1] 5914
[1] 6711
[1] 6712
[1] 283
[1] 360
[1] 742
[1] 881
[1] 353
[1] 1091
[1] 234
[1] 292
[1] 299
[1] 294
[1] 296
[1] 300
[1] 301
[1] 302
[1] 303
[1] 304
[1] 325
[1] 345
[1] 356
[1] 769
[1] 6252
[1] 357
[1] 536
[1] 537
[1] 538
[1] 539
[1] 1161
[1] 567
[1] 540
[1] 541
[1] 7412
[1] 366
[1] 338
[1] 347
[1] 348
[1] 187
[1] 285
[1] 805
[1] 3051
[1] 1165
[1] 363
[1] 371
[1] 339
[1] 340
[1] 349
[1] 370
[1] 350
[1] 6716
[1] 430
[1] 431
[1] 433
[1] 432
[1] 434
[1] 3553
[1] 528
[1] 6187
[1] 6297
[1] 6513
[1] 270
[1] 272
[1] 273
[1] 7248
[1] 7249
[1] 1051
[1] 7332
[1] 488
[1] 552
[1] 553
[1] 554
[1] 1053
[1] 4201
[1] 5999
[1] 7870
[1] 442
[1] 444
[1] 445
[1] 446
[1] 449
[1] 447
[1] 448
[1] 450
[1] 451
[1] 452
[1] 453
[1] 454
[1] 456
[1] 716
[1] 1069
[1] 1112
[1] 468
[1] 7151
[1] 880
[1] 1156
[1] 743
[1] 744
[1] 746
[1] 7013
[1] 7074
[1] 518
[1] 544
[1] 546
[1] 545
[1] 547
[1] 548
[1] 500
[1] 530
[1] 531
[1] 422
[1] 423
[1] 424
[1] 426
[1] 489
[1] 1128
[1] 561
[1] 1200
[1] 3043
[1] 1160
[1] 3967
[1] 4286
[1] 3518
[1] 6590
[1] 6740
[1] 6894
[1] 6920
[1] 5801
[1] 6684
[1] 7098
[1] 209
[1] 341
[1] 4319
[1] 6616
[1] 6844
[1] 755
[1] 495
[1] 410
[1] 414
[1] 413
[1] 416
[1] 542
[1] 497
[1] 717
[1] 520
[1] 551
[1] 1115
[1] 1123
[1] 1215
[1] 7438
[1] 7595
[1] 207
[1] 313
[1] 320
[1] 332
[1] 333
[1] 342
[1] 343
[1] 352
[1] 164
[1] 282
[1] 732
[1] 463
[1] 529
[1] 549
[1] 763
[1] 764
[1] 765
[1] 766
[1] 193
[1] 194
[1] 195
[1] 223
[1] 306
[1] 307
[1] 314
[1] 315
[1] 317
[1] 318
[1] 319
[1] 326
[1] 362
[1] 1066
[1] 369
[1] 224
[1] 2939
[1] 3946
[1] 1163
[1] 5826
[1] 6320
[1] 266
[1] 290
[1] 327
[1] 261
[1] 308
[1] 309
[1] 310
[1] 323
[1] 4364
[1] 231
[1] 233
[1] 235
[1] 260
[1] 4456
[1] 5659
[1] 205
[1] 206
[1] 208
[1] 210
[1] 211
[1] 212
[1] 507
[1] 556
[1] 557
[1] 555
[1] 558
[1] 1125
[1] 505
[1] 359
[1] 246
[1] 242
[1] 243
[1] 550
[1] 508
[1] 509
[1] 510
[1] 532
[1] 1127
[1] 1126
[1] 5802
[1] 5940
[1] 6814
[1] 6893
[1] 7046
[1] 361
[1] 277
[1] 4006
[1] 521
[1] 522
[1] 523
[1] 934
[1] 1158
[1] 1157
[1] 1164
[1] 3481
[1] 4376
[1] 6267
[1] 767
[1] 768
[1] 344
[1] 563
[1] 498
[1] 7032
[1] 180
[1] 181
[1] 1107
[1] 185
[1] 190
[1] 191
[1] 201
[1] 225
[1] 255
[1] 256
[1] 364
[1] 1122
[1] 5965
[1] 6692
[1] 258
[1] 759
[1] 525
[1] 543
[1] 524
[1] 526
[1] 562
[1] 559
[1] 560
[1] 1166
[1] 287
[1] 288
[1] 289
[1] 354
[1] 399
[1] 1101
[1] 3192
[1] 5928
[1] 7542
[1] 761
[1] 328
[1] 724
[1] 750
[1] 751
[1] 169
[1] 170
[1] 275
[1] 276
[1] 278
[1] 279
[1] 1146
[1] 6578
[1] 6998
[1] 6999
[1] 329
[1] 6137
[1] 330
[1] 331
[1] 351
[1] 358
[1] 367
[1] 5839
[1] 527
[1] 6254
[1] 336
[1] 337
[1] 533
[1] 534
[1] 535
[1] 501
[1] 502
[1] 503
[1] 504
[1] 1004
[1] 675
[1] 3563
[1] 1108
[1] 1124
[1] 1162
[1] 4226
[1] 6794
[1] 281
[1] 322
[1] 443
[1] 466
[1] 467
[1] 469
[1] 470
[1] 471
[1] 472
[1] 1129
[1] 5849
[1] 5866
[1] 4163
[1] 6288
[1] 346
[1] 1186
[1] 1216
[1] 365
[1] 762
[1] 334
[1] 335
[1] 2034
[1] 6689
[1] 486
[1] 490
[1] 491
[1] 5817
[1] 5840
[1] 5914
[1] 6711
[1] 6712
[1] 283
[1] 360
[1] 742
[1] 881
[1] 353
[1] 1091
[1] 234
[1] 296
[1] 301
[1] 304
[1] 325
[1] 356
[1] 6252
[1] 347
[1] 371
[1] 339
[1] 340
[1] 370
[1] 350
[1] 6716
[1] 431
[1] 434
[1] 6187
[1] 6297
[1] 270
[1] 273
[1] 7248
[1] 7249
[1] 1051
[1] 7332
[1] 552
[1] 1053
[1] 7870
[1] 444
[1] 445
[1] 449
[1] 447
[1] 448
[1] 450
[1] 451
[1] 454
[1] 456
[1] 716
[1] 1112
[1] 7151
[1] 518
[1] 544
[1] 422
[1] 423
[1] 424
[1] 426
[1] 4286
[1] 3518
[1] 6740
[1] 6894
[1] 6920
[1] 5801
[1] 6684
[1] 7098
[1] 4319
[1] 6844
[1] 410
[1] 414
[1] 413
[1] 416
[1] 717
[1] 520
[1] 1115
[1] 1215
[1] 7438
[1] 333
[1] 343
[1] 732
[1] 463
[1] 763
[1] 764
[1] 765
[1] 766
[1] 319
[1] 224
[1] 5826
[1] 6320
[1] 323
[1] 4456
[1] 556
[1] 557
[1] 1125
[1] 243
[1] 550
[1] 508
[1] 510
[1] 532
[1] 1127
[1] 1126
[1] 5940
[1] 6814
[1] 6893
[1] 4006
[1] 521
[1] 1164
[1] 3481
[1] 344
[1] 7032
[1] 181
[1] 185
[1] 191
[1] 364
[1] 759
[1] 543
[1] 562
[1] 288
[1] 1101
[1] 3192
[1] 5928
[1] 7542
[1] 761
[1] 724
[1] 1146
[1] 6578
[1] 6998
[1] 6999
[1] 329
[1] 6137
[1] 330
[1] 331
[1] 351
[1] 358
[1] 5839
[1] 527
[1] 6254
[1] 336
[1] 337
[1] 534
[1] 535
[1] 501
[1] 504
[1] 1004
[1] 3563
[1] 1108
[1] 281
[1] 322
[1] 443
[1] 470
[1] 1129
[1] 5849
[1] 1186
[1] 1216
[1] 365
[1] 762
[1] 335
[1] 6689
[1] 491
[1] 5817
[1] 5840
[1] 5914
[1] 6711
[1] 6712
[1] 283
[1] 742
[1] 353
[1] 234
[1] 296
[1] 301
[1] 303
[1] 304
[1] 325
[1] 356
[1] 769
[1] 6252
[1] 539
[1] 567
[1] 347
[1] 371
[1] 339
[1] 340
[1] 370
[1] 350
[1] 6716
[1] 431
[1] 432
[1] 434
[1] 6187
[1] 6297
[1] 270
[1] 273
[1] 7248
[1] 7249
[1] 1051
[1] 7332
[1] 552
[1] 1053
[1] 7870
[1] 444
[1] 445
[1] 449
[1] 447
[1] 448
[1] 450
[1] 451
[1] 454
[1] 456
[1] 716
[1] 1112
[1] 7151
[1] 743
[1] 744
[1] 518
[1] 544
[1] 422
[1] 423
[1] 424
[1] 426
[1] 489
[1] 4286
[1] 3518
[1] 6740
[1] 6894
[1] 6920
[1] 5801
[1] 6684
[1] 7098
[1] 4319
[1] 6844
[1] 410
[1] 414
[1] 413
[1] 416
[1] 717
[1] 520
[1] 1115
[1] 1215
[1] 7438
[1] 320
[1] 333
[1] 343
[1] 732
[1] 463
[1] 763
[1] 764
[1] 765
[1] 766
[1] 195
[1] 319
[1] 224
[1] 5826
[1] 6320
[1] 323
[1] 4456
[1] 556
[1] 557
[1] 1125
[1] 243
[1] 550
[1] 508
[1] 510
[1] 532
[1] 1127
[1] 1126
[1] 5940
[1] 6814
[1] 6893
[1] 277
[1] 4006
[1] 521
[1] 1164
[1] 3481
[1] 344
[1] 7032
[1] 181
[1] 185
[1] 191
[1] 364
[1] 258
[1] 759
[1] 543
[1] 562
[1] 288
[1] 1101
[1] 3192
[1] 5928
[1] 7542
[1] 761
[1] 724
[1] 169
[1] 1146
[1] 6578
[1] 6998
[1] 6999
[1] 329
[1] 6137
[1] 330
[1] 331
[1] 351
[1] 358
[1] 5839
[1] 527
[1] 6254
[1] 336
[1] 337
[1] 534
[1] 535
[1] 501
[1] 504
[1] 1004
[1] 3563
[1] 1108
[1] 281
[1] 322
[1] 443
[1] 470
[1] 1129
[1] 5849
[1] 1186
[1] 1216
[1] 365
[1] 762
[1] 335
[1] 6689
[1] 491
[1] 5817
[1] 5840
[1] 5914
[1] 6711
[1] 6712
[1] 283
[1] 742
[1] 881
[1] 353
[1] 234
[1] 292
[1] 299
[1] 294
[1] 296
[1] 301
[1] 303
[1] 304
[1] 325
[1] 345
[1] 356
[1] 769
[1] 6252
[1] 538
[1] 539
[1] 567
[1] 540
[1] 338
[1] 347
[1] 187
[1] 371
[1] 339
[1] 340
[1] 349
[1] 370
[1] 350
[1] 6716
[1] 431
[1] 432
[1] 434
[1] 528
[1] 6187
[1] 6297
[1] 270
[1] 273
[1] 7248
[1] 7249
[1] 1051
[1] 7332
[1] 488
[1] 552
[1] 1053
[1] 7870
[1] 444
[1] 445
[1] 446
[1] 449
[1] 447
[1] 448
[1] 450
[1] 451
[1] 454
[1] 456
[1] 716
[1] 1112
[1] 468
[1] 7151
[1] 1156
[1] 743
[1] 744
[1] 7013
[1] 7074
[1] 518
[1] 544
[1] 422
[1] 423
[1] 424
[1] 426
[1] 489
[1] 3043
[1] 3967
[1] 4286
[1] 3518
[1] 6590
[1] 6740
[1] 6894
[1] 6920
[1] 5801
[1] 6684
[1] 7098
[1] 4319
[1] 6616
[1] 6844
[1] 755
[1] 410
[1] 414
[1] 413
[1] 416
[1] 542
[1] 497
[1] 717
[1] 520
[1] 1115
[1] 1215
[1] 7438
[1] 320
[1] 333
[1] 343
[1] 352
[1] 282
[1] 732
[1] 463
[1] 763
[1] 764
[1] 765
[1] 766
[1] 193
[1] 195
[1] 319
[1] 224
[1] 3946
[1] 5826
[1] 6320
[1] 290
[1] 323
[1] 231
[1] 235
[1] 260
[1] 4456
[1] 206
[1] 556
[1] 557
[1] 1125
[1] 505
[1] 243
[1] 550
[1] 508
[1] 509
[1] 510
[1] 532
[1] 1127
[1] 1126
[1] 5802
[1] 5940
[1] 6814
[1] 6893
[1] 277
[1] 4006
[1] 521
[1] 1164
[1] 3481
[1] 344
[1] 7032
[1] 181
[1] 185
[1] 190
[1] 191
[1] 364
[1] 258
[1] 759
[1] 543
[1] 562
[1] 1166
[1] 288
[1] 1101
[1] 3192
[1] 5928
[1] 7542
[1] 761
[1] 724
[1] 169
[1] 278
[1] 1146
[1] 6578
[1] 6998
[1] 6999
[1] 329
[1] 6137
[1] 330
[1] 331
[1] 351
[1] 358
[1] 367
[1] 5839
[1] 527
[1] 6254
[1] 336
[1] 337
[1] 534
[1] 535
[1] 501
[1] 503
[1] 504
[1] 1004
[1] 675
[1] 3563
[1] 1108
[1] 1162
[1] 4226
[1] 281
[1] 322
[1] 443
[1] 466
[1] 469
[1] 470
[1] 471
[1] 1129
[1] 5849
[1] 4163
[1] 1186
[1] 1216
[1] 365
[1] 762
[1] 335
[1] 2034
[1] 6689
[1] 491
[1] 5817
[1] 5840
[1] 5914
[1] 6711
[1] 6712
[1] 283
[1] 742
[1] 881
[1] 353
[1] 234
[1] 296
[1] 301
[1] 304
[1] 356
[1] 6252
[1] 536
[1] 540
[1] 347
[1] 348
[1] 187
[1] 371
[1] 339
[1] 340
[1] 370
[1] 6716
[1] 430
[1] 431
[1] 433
[1] 3553
[1] 6187
[1] 6297
[1] 273
[1] 7248
[1] 7249
[1] 1051
[1] 7332
[1] 552
[1] 553
[1] 554
[1] 1053
[1] 5999
[1] 7870
[1] 444
[1] 445
[1] 449
[1] 447
[1] 448
[1] 450
[1] 451
[1] 453
[1] 454
[1] 456
[1] 716
[1] 1069
[1] 1112
[1] 7151
[1] 1156
[1] 746
[1] 518
[1] 544
[1] 546
[1] 531
[1] 422
[1] 4286
[1] 3518
[1] 6740
[1] 6920
[1] 7098
[1] 4319
[1] 6844
[1] 495
[1] 410
[1] 414
[1] 413
[1] 542
[1] 717
[1] 520
[1] 1115
[1] 1215
[1] 7438
[1] 332
[1] 333
[1] 343
[1] 763
[1] 764
[1] 765
[1] 766
[1] 224
[1] 2939
[1] 3946
[1] 310
[1] 4364
[1] 260
[1] 4456
[1] 206
[1] 556
[1] 555
[1] 558
[1] 1125
[1] 246
[1] 243
[1] 550
[1] 508
[1] 510
[1] 1127
[1] 1126
[1] 5940
[1] 6814
[1] 6893
[1] 4006
[1] 521
[1] 523
[1] 934
[1] 1164
[1] 3481
[1] 4376
[1] 344
[1] 563
[1] 7032
[1] 181
[1] 1107
[1] 185
[1] 190
[1] 191
[1] 364
[1] 525
[1] 543
[1] 526
[1] 562
[1] 559
[1] 560
[1] 1166
[1] 288
[1] 1101
[1] 3192
[1] 5928
[1] 761
[1] 724
[1] 170
[1] 279
[1] 6578
[1] 6998
[1] 6999
[1] 329
[1] 6137
[1] 331
[1] 351
[1] 358
[1] 5839
[1] 6254
[1] 336
[1] 337
[1] 534
[1] 535
[1] 501
[1] 504
[1] 1004
[1] 675
[1] 3563
[1] 281
[1] 322
[1] 443
[1] 470
[1] 472
[1] 1129
[1] 5849
[1] 1186
[1] 1216
[1] 365
[1] 762
[1] 335
[1] 2034
[1] 6689
[1] 491
[1] 5817
[1] 5840
[1] 5914
[1] 6711
[1] 6712
[1] 283
[1] 360
[1] 742
[1] 353
[1] 234
[1] 296
[1] 301
[1] 303
[1] 304
[1] 325
[1] 356
[1] 6252
[1] 536
[1] 567
[1] 540
[1] 347
[1] 348
[1] 187
[1] 371
[1] 339
[1] 340
[1] 370
[1] 6716
[1] 430
[1] 431
[1] 433
[1] 3553
[1] 6187
[1] 6297
[1] 270
[1] 273
[1] 7248
[1] 7249
[1] 1051
[1] 7332
[1] 552
[1] 553
[1] 554
[1] 1053
[1] 5999
[1] 7870
[1] 444
[1] 445
[1] 449
[1] 447
[1] 448
[1] 450
[1] 451
[1] 453
[1] 454
[1] 456
[1] 716
[1] 1069
[1] 1112
[1] 7151
[1] 1156
[1] 743
[1] 746
[1] 7074
[1] 518
[1] 544
[1] 546
[1] 531
[1] 422
[1] 4286
[1] 3518
[1] 6740
[1] 6920
[1] 7098
[1] 4319
[1] 6844
[1] 495
[1] 410
[1] 414
[1] 413
[1] 542
[1] 717
[1] 520
[1] 1115
[1] 1215
[1] 7438
[1] 332
[1] 333
[1] 343
[1] 763
[1] 764
[1] 765
[1] 766
[1] 195
[1] 223
[1] 306
[1] 224
[1] 2939
[1] 3946
[1] 266
[1] 310
[1] 323
[1] 4364
[1] 260
[1] 4456
[1] 206
[1] 556
[1] 555
[1] 558
[1] 1125
[1] 246
[1] 243
[1] 550
[1] 508
[1] 510
[1] 532
[1] 1127
[1] 1126
[1] 5940
[1] 6814
[1] 6893
[1] 4006
[1] 521
[1] 523
[1] 934
[1] 1164
[1] 3481
[1] 4376
[1] 344
[1] 563
[1] 7032
[1] 181
[1] 1107
[1] 185
[1] 190
[1] 191
[1] 225
[1] 364
[1] 258
[1] 525
[1] 543
[1] 526
[1] 562
[1] 559
[1] 560
[1] 1166
[1] 288
[1] 1101
[1] 3192
[1] 5928
[1] 761
[1] 724
[1] 169
[1] 170
[1] 279
[1] 6578
[1] 6998
[1] 6999
[1] 329
[1] 6137
[1] 331
[1] 351
[1] 358
[1] 5839
[1] 6254
[1] 336
[1] 337
[1] 534
[1] 535
[1] 501
[1] 504
[1] 1004
[1] 675
[1] 3563
[1] 281
[1] 322
[1] 443
[1] 470
[1] 472
[1] 1129
[1] 5849
[1] 1186
[1] 1216
[1] 365
[1] 762
[1] 335
[1] 2034
[1] 6689
[1] 491
[1] 5817
[1] 5840
[1] 5914
[1] 6711
[1] 6712
[1] 283
[1] 360
[1] 742
[1] 353
[1] 234
[1] 294
[1] 296
[1] 301
[1] 303
[1] 304
[1] 325
[1] 356
[1] 769
[1] 6252
[1] 536
[1] 539
[1] 567
[1] 540
[1] 347
[1] 348
[1] 187
[1] 285
[1] 371
[1] 339
[1] 340
[1] 349
[1] 370
[1] 6716
[1] 430
[1] 431
[1] 433
[1] 432
[1] 434
[1] 3553
[1] 6187
[1] 6297
[1] 6513
[1] 270
[1] 273
[1] 7248
[1] 7249
[1] 1051
[1] 7332
[1] 552
[1] 553
[1] 554
[1] 1053
[1] 4201
[1] 5999
[1] 7870
[1] 444
[1] 445
[1] 446
[1] 449
[1] 447
[1] 448
[1] 450
[1] 451
[1] 452
[1] 453
[1] 454
[1] 456
[1] 716
[1] 1069
[1] 1112
[1] 7151
[1] 1156
[1] 743
[1] 746
[1] 7013
[1] 7074
[1] 518
[1] 544
[1] 546
[1] 548
[1] 530
[1] 531
[1] 422
[1] 423
[1] 424
[1] 489
[1] 1200
[1] 3967
[1] 4286
[1] 3518
[1] 6590
[1] 6740
[1] 6920
[1] 7098
[1] 4319
[1] 6844
[1] 755
[1] 495
[1] 410
[1] 414
[1] 413
[1] 542
[1] 717
[1] 520
[1] 1115
[1] 1215
[1] 7438
[1] 320
[1] 332
[1] 333
[1] 343
[1] 352
[1] 164
[1] 732
[1] 763
[1] 764
[1] 765
[1] 766
[1] 194
[1] 195
[1] 223
[1] 306
[1] 307
[1] 314
[1] 317
[1] 319
[1] 369
[1] 224
[1] 2939
[1] 3946
[1] 266
[1] 290
[1] 261
[1] 310
[1] 323
[1] 4364
[1] 235
[1] 260
[1] 4456
[1] 205
[1] 206
[1] 556
[1] 555
[1] 558
[1] 1125
[1] 505
[1] 246
[1] 243
[1] 550
[1] 508
[1] 509
[1] 510
[1] 532
[1] 1127
[1] 1126
[1] 5940
[1] 6814
[1] 6893
[1] 277
[1] 4006
[1] 521
[1] 523
[1] 934
[1] 1158
[1] 1164
[1] 3481
[1] 4376
[1] 344
[1] 563
[1] 7032
[1] 181
[1] 1107
[1] 185
[1] 190
[1] 191
[1] 225
[1] 255
[1] 256
[1] 364
[1] 1122
[1] 258
[1] 525
[1] 543
[1] 526
[1] 562
[1] 559
[1] 560
[1] 1166
[1] 288
[1] 289
[1] 354
[1] 1101
[1] 3192
[1] 5928
[1] 761
[1] 724
[1] 751
[1] 169
[1] 170
[1] 275
[1] 279
[1] 1146
[1] 6578
[1] 6998
[1] 6999
[1] 329
[1] 6137
[1] 331
[1] 351
[1] 358
[1] 367
[1] 5839
[1] 527
[1] 6254
[1] 336
[1] 337
[1] 534
[1] 535
[1] 501
[1] 504
[1] 1004
[1] 675
[1] 3563
[1] 1162
[1] 4226
[1] 281
[1] 322
[1] 443
[1] 466
[1] 470
[1] 471
[1] 472
[1] 1129
[1] 5849
[1] 6288
[1] 1186
[1] 1216
[1] 365
[1] 762
[1] 334
[1] 335
[1] 2034
[1] 6689
[1] 491
[1] 5817
[1] 5840
[1] 5914
[1] 6711
[1] 6712
[1] 283
[1] 360
[1] 742
[1] 881
[1] 353
[1] 234
[1] 292
[1] 299
[1] 294
[1] 300
[1] 302
[1] 303
[1] 304
[1] 234
[1] 292
[1] 299
[1] 294
[1] 300
[1] 302
[1] 303
[1] 304
[1] 325
[1] 345
[1] 356
[1] 769
[1] 357
[1] 536
[1] 537
[1] 538
[1] 539
[1] 1161
[1] 567
[1] 540
[1] 541
[1] 7412
[1] 366
[1] 338
[1] 187
[1] 285
[1] 805
[1] 3051
[1] 1165
[1] 363
[1] 339
[1] 340
[1] 349
[1] 350
[1] 6716
[1] 430
[1] 431
[1] 433
[1] 432
[1] 434
[1] 3553
[1] 528
[1] 6513
[1] 270
[1] 272
[1] 7248
[1] 1051
[1] 7332
[1] 488
[1] 553
[1] 554
[1] 1053
[1] 4201
[1] 5999
[1] 442
[1] 446
[1] 452
[1] 453
[1] 456
[1] 716
[1] 468
[1] 880
[1] 1156
[1] 743
[1] 744
[1] 746
[1] 7013
[1] 7074
[1] 546
[1] 545
[1] 547
[1] 548
[1] 500
[1] 530
[1] 531
[1] 422
[1] 423
[1] 424
[1] 426
[1] 489
[1] 1128
[1] 561
[1] 1200
[1] 3043
[1] 1160
[1] 3967
[1] 6590
[1] 6894
[1] 6920
[1] 5801
[1] 6684
[1] 209
[1] 341
[1] 4319
[1] 6616
[1] 755
[1] 495
[1] 410
[1] 414
[1] 416
[1] 542
[1] 497
[1] 717
[1] 551
[1] 1123
[1] 7595
[1] 207
[1] 313
[1] 320
[1] 333
[1] 342
[1] 343
[1] 352
[1] 164
[1] 282
[1] 732
[1] 463
[1] 529
[1] 549
[1] 765
[1] 193
[1] 194
[1] 195
[1] 223
[1] 306
[1] 307
[1] 314
[1] 315
[1] 317
[1] 318
[1] 319
[1] 326
[1] 362
[1] 1066
[1] 369
[1] 224
[1] 2939
[1] 3946
[1] 1163
[1] 5826
[1] 6320
[1] 266
[1] 290
[1] 327
[1] 261
[1] 308
[1] 309
[1] 310
[1] 323
[1] 4364
[1] 231
[1] 233
[1] 235
[1] 4456
[1] 5659
[1] 205
[1] 206
[1] 208
[1] 210
[1] 211
[1] 212
[1] 507
[1] 556
[1] 557
[1] 555
[1] 558
[1] 505
[1] 359
[1] 242
[1] 243
[1] 508
[1] 509
[1] 532
[1] 1127
[1] 1126
[1] 5802
[1] 7046
[1] 361
[1] 277
[1] 4006
[1] 522
[1] 523
[1] 1158
[1] 1157
[1] 4376
[1] 6267
[1] 767
[1] 768
[1] 344
[1] 498
[1] 7032
[1] 180
[1] 1107
[1] 190
[1] 201
[1] 225
[1] 255
[1] 256
[1] 364
[1] 1122
[1] 5965
[1] 6692
[1] 258
[1] 759
[1] 525
[1] 524
[1] 562
[1] 1166
[1] 287
[1] 289
[1] 354
[1] 399
[1] 3192
[1] 7542
[1] 328
[1] 750
[1] 751
[1] 169
[1] 275
[1] 276
[1] 278
[1] 1146
[1] 330
[1] 351
[1] 367
[1] 5839
[1] 527
[1] 6254
[1] 336
[1] 337
[1] 533
[1] 534
[1] 501
[1] 502
[1] 503
[1] 504
[1] 1004
[1] 675
[1] 1108
[1] 1124
[1] 1162
[1] 4226
[1] 6794
[1] 281
[1] 466
[1] 467
[1] 469
[1] 470
[1] 471
[1] 472
[1] 5866
[1] 4163
[1] 6288
[1] 346
[1] 1186
[1] 365
[1] 334
[1] 2034
[1] 486
[1] 490
[1] 5840
[1] 5914
[1] 6711
[1] 6712
[1] 360
[1] 881
[1] 353
[1] 1091
